[1,["f6SJZOjTJB/JrJeh5xTdF7","17l5hMtoRPJomLm9eJrMdq@1f586","17l5hMtoRPJomLm9eJrMdq@cf5ee","17l5hMtoRPJomLm9eJrMdq@c1b8f","17l5hMtoRPJomLm9eJrMdq@b4251","17l5hMtoRPJomLm9eJrMdq@9bacc","17l5hMtoRPJomLm9eJrMdq@9b3e0","17l5hMtoRPJomLm9eJrMdq@3eea5","17l5hMtoRPJomLm9eJrMdq@438fe","1cxfiubsVHa6OemFve24Ra"],["_parent","to","from","clip","node","_effectAsset","_anyState","_exitState","_entryState","root","data","_mesh","_skeleton","_graph"],[["cc.Node",["_name","_prefab","_lrot","_euler","_parent","_lpos","_children","_components","_lscale"],2,4,5,5,1,5,2,9,5],["cc.animation.AnimationTransition",["exitConditionEnabled","duration","_exitCondition","from","to","conditions"],0,1,1,9],["cc.Mesh",["_native","_hash","_struct"],1,11],["cc.Skeleton",["_name","_hash","_joints","_bindposes"],0,12],["cc.Material",["_name","_states","_defines","_props"],0,12],["cc.animation.AnimationGraph",["_layers","_variables"],3,9,11],["cc.animation.Layer",["_stateMachine"],3,4],["cc.animation.StateMachine",["_states","_transitions","_entryState","_exitState","_anyState"],3,2,9,1,1,1],["cc.animation.TriggerCondition",["trigger"],2],["cc.animation.Transition",["from","to"],3,1,1],["cc.animation.TriggerVariable",["_flags"],2],["cc.animation.Motion",["name","motion"],2,4],["cc.animation.ClipMotion",["clip"],3,6],["cc.animation.State",["name"],2],["cc.Prefab",["_name"],2],["cc.Node",["_name","_parent","_children","_prefab","_lpos","_lrot","_euler"],2,1,12,4,5,5,5],["cc.Node",["_name","_parent","_children","_prefab","_lpos","_lrot","_euler"],2,1,9,4,5,5,5],["cc.animation.AnimationController",["node","__prefab","_graph"],3,1,4,6],["cc.CompPrefabInfo",["fileId"],2],["2075e0Zs0VBW4w3+UUjvfd6",["node","__prefab"],3,1,4],["cc.PrefabInfo",["fileId","instance","targetOverrides","nestedPrefabInstanceRoots","root","asset"],-1,1,1],["cc.SkinnedMeshRenderer",["node","__prefab","_materials","bakeSettings","_skinningRoot","_mesh","_skeleton"],3,1,4,3,4,1,6,6],["cc.ModelBakeSettings",[],3]],[[20,0,1,2,3,4,5,5],[0,0,4,6,1,5,2,3,2],[16,0,1,2,3,4,5,6,2],[8,0,2],[11,0,1,2],[12,0,1],[1,0,3,4,5,2],[10,0,2],[0,0,6,1,5,2,3,2],[0,0,4,1,5,2],[13,0,2],[0,0,4,1,5,2,8,3,2],[18,0,2],[2,0,1,2,3],[3,0,1,2,3,4],[4,0,1,2,3,4],[5,0,1,1],[6,0,1],[7,0,1,2,3,4,1],[1,1,0,2,3,4,5,4],[9,0,1,1],[14,0,2],[0,0,6,7,1,2,3,2],[0,0,4,1,5,2,3,2],[0,0,4,6,1,2,3,2],[0,0,4,7,1,2,3,2],[15,0,1,2,3,4,5,6,2],[17,0,1,2,1],[19,0,1,1],[21,0,1,2,3,4,5,6,1],[22,1]],[[[[13,".bin",225821237,[{"primitives":[{"primitiveMode":7,"jointMapIndex":0,"vertexBundelIndices":[0],"indexView":{"offset":59760,"length":9936,"count":4968,"stride":2}}],"vertexBundles":[{"view":{"offset":0,"length":59760,"count":830,"stride":72},"attributes":[{"name":"a_position","format":32,"isNormalized":false},{"name":"a_normal","format":32,"isNormalized":false},{"name":"a_texCoord","format":21,"isNormalized":false},{"name":"a_tangent","format":44,"isNormalized":false},{"name":"a_joints","format":42,"isNormalized":false},{"name":"a_weights","format":44,"isNormalized":false}]}],"jointMaps":[[0,1,2,3,4,5,7,8,9,10,11,12,13,14,15,16,17,18,19,20,21,22]]},"minPosition",8,[1,-0.768776535987854,-0.2529343366622925,0.00023487400903832167],"maxPosition",8,[1,0.7687743306159973,0.15839898586273193,1.7426835298538208]]],-1],0,0,[],[],[]],[[[14,"Skin-0",812003988,["Bip001/Bip001 Pelvis/Bip001 Spine","Bip001/Bip001 Pelvis/Bip001 Spine/Bip001 Spine1","Bip001/Bip001 Pelvis","Bip001/Bip001 Pelvis/Bip001 Spine/Bip001 L Thigh","Bip001/Bip001 Pelvis/Bip001 Spine/Bip001 Spine1/Bip001 Spine2","Bip001/Bip001 Pelvis/Bip001 Spine/Bip001 Spine1/Bip001 Spine2/Bip001 Neck/Bip001 L Clavicle/Bip001 L UpperArm","Bip001/Bip001 Pelvis/Bip001 Spine/Bip001 Spine1/Bip001 Spine2/Bip001 Neck/Bip001 L Clavicle","Bip001/Bip001 Pelvis/Bip001 Spine/Bip001 Spine1/Bip001 Spine2/Bip001 Neck","Bip001/Bip001 Pelvis/Bip001 Spine/Bip001 Spine1/Bip001 Spine2/Bip001 Neck/Bip001 Head","Bip001/Bip001 Pelvis/Bip001 Spine/Bip001 L Thigh/Bip001 L Calf/Bip001 L Foot","Bip001/Bip001 Pelvis/Bip001 Spine/Bip001 L Thigh/Bip001 L Calf","Bip001","Bip001/Bip001 Pelvis/Bip001 Spine/Bip001 Spine1/Bip001 Spine2/Bip001 Neck/Bip001 L Clavicle/Bip001 L UpperArm/Bip001 L Forearm/Bip001 L Hand","Bip001/Bip001 Pelvis/Bip001 Spine/Bip001 Spine1/Bip001 Spine2/Bip001 Neck/Bip001 L Clavicle/Bip001 L UpperArm/Bip001 L Forearm","Bip001/Bip001 Pelvis/Bip001 Spine/Bip001 Spine1/Bip001 Spine2/Bip001 Neck/Bip001 L Clavicle/Bip001 L UpperArm/Bip001 L Forearm/Bip001 L Hand/Bip001 L Finger1","Bip001/Bip001 Pelvis/Bip001 Spine/Bip001 R Thigh","Bip001/Bip001 Pelvis/Bip001 Spine/Bip001 Spine1/Bip001 Spine2/Bip001 Neck/Bip001 R Clavicle/Bip001 R UpperArm","Bip001/Bip001 Pelvis/Bip001 Spine/Bip001 R Thigh/Bip001 R Calf/Bip001 R Foot","Bip001/Bip001 Pelvis/Bip001 Spine/Bip001 R Thigh/Bip001 R Calf","Bip001/Bip001 Pelvis/Bip001 Spine/Bip001 Spine1/Bip001 Spine2/Bip001 Neck/Bip001 R Clavicle/Bip001 R UpperArm/Bip001 R Forearm/Bip001 R Hand","Bip001/Bip001 Pelvis/Bip001 Spine/Bip001 Spine1/Bip001 Spine2/Bip001 Neck/Bip001 R Clavicle/Bip001 R UpperArm/Bip001 R Forearm","Bip001/Bip001 Pelvis/Bip001 Spine/Bip001 Spine1/Bip001 Spine2/Bip001 Neck/Bip001 R Clavicle/Bip001 R UpperArm/Bip001 R Forearm/Bip001 R Hand/Bip001 R Finger1","Bip001/Bip001 Pelvis/Bip001 Spine/Bip001 Spine1/Bip001 Spine2/Bip001 Neck/Bip001 R Clavicle"],[[[7,1.7531381502067234e-7,-0.0000019225622054364067,1,0,-0.0007962880772538483,-0.9999997019767761,-0.0000019224221432523336,0,0.9999996423721313,-0.0007962881354615092,-1.7684467934486747e-7,0,-0.7353165745735168,0.0006829914636909962,1.7403719576591925e-9,1],[7,3.414480715946411e-7,-0.000002460347332089441,1,0,0.03410381078720093,-0.999418318271637,-0.000002470560957590351,0,0.9994182586669922,0.03410381078720093,-2.5734226483109524e-7,0,-0.8572958111763,-0.029136795550584793,7.111619737543151e-8,1],[7,0.000001561645603942452,0.0000027577070795814507,1,0,6.123234262925839e-17,-1,0.0000027577070795814507,0,1,-4.30650003505062e-12,-0.0000015616457176292897,0,-0.6064662337303162,-2.6586960188978992e-8,8.410474947595503e-7,1],[7,0.08367626368999481,-0.015134245157241821,-0.9963780641555786,0,-0.07330974191427231,-0.9972687363624573,0.008991187438368797,0,-0.993792712688446,0.07229187339544296,-0.08455720543861389,0,0.5940243005752563,-0.04227304458618164,0.15460707247257233,1],[7,6.035348292243725e-7,-0.00000360151148015575,1,0,0.03410392999649048,-0.999418318271637,-0.000003619999461079715,0,0.9994182586669922,0.03410392999649048,-4.803580964107823e-7,0,-1.0046582221984863,-0.029016556218266487,3.015074128143169e-7,1],[7,0.9595390558242798,0.08967259526252747,0.26691535115242004,0,-0.06552186608314514,0.9930204153060913,-0.09806827455759048,0,-0.27384644746780396,0.07661154866218567,0.9587172269821167,0,0.15089398622512817,-0.11304755508899689,-1.1520663499832153,1],[7,0.9961947202682495,8.085143576863629e-7,0.08715641498565674,0,-0.0030425447039306164,0.9993908405303955,0.03476690128445625,0,-0.08710329979658127,-0.03489978238940239,0.9955877661705017,0,0.03966844454407692,0.031132617965340614,-1.1647783517837524,1],[7,4.2277662259948556e-7,-0.000004169643943896517,1,0,-0.2426939606666565,-0.9701029658317566,-0.000003942378498322796,0,0.9701029062271118,-0.2426939755678177,-0.0000014220842103895848,0,-1.1807348728179932,0.2983696758747101,0.0000014225952327251434,1],[7,0.000001112628638111346,-0.000006942255367903272,1,0,-0.1564331352710724,-0.9876885414123535,-0.000006682734237983823,0,0.9876884818077087,-0.15643315017223358,-0.000002184929599025054,0,-1.291519284248352,0.22647002339363098,0.0000025375213681400055,1],[7,-1.5895230376372638e-7,0.0000013709067161471467,-1,0,-6.123234262925839e-17,-1,-0.0000013709067161471467,0,-1,-2.1784754989512267e-13,1.5895230376372638e-7,0,0.09136275947093964,0.011451509781181812,0.14751899242401123,1],[7,0.08502310514450073,0.0013552851742133498,-0.9963780641555786,0,0.12118957191705704,-0.9925887584686279,0.008991237729787827,0,-0.9889814257621765,-0.12151509523391724,-0.08455721288919449,0,0.3311309516429901,0.022268861532211304,0.15460707247257233,1],[7,0.000001370906943520822,1,1.7484555314695172e-7,0,-1,0.000001370906943520822,6.123225660247469e-17,0,-2.396357580685543e-13,-1.7484556735780643e-7,1,0,-2.658928011101125e-8,3.641429199190485e-14,-0.6064662337303162,1],[7,0.9330334067344666,-0.35969558358192444,-0.008238140493631363,0,-0.05148189887404442,-0.15613305568695068,0.9863934516906738,0,-0.35608765482902527,-0.9199138879776001,-0.16419515013694763,0,-0.17783237993717194,1.159497857093811,0.2005804181098938,1],[7,0.9545978307723999,0.132285013794899,0.26691535115242004,0,-0.1096482127904892,0.9891207218170166,-0.09806828200817108,0,-0.2769845128059387,0.0643489733338356,0.9587172269821167,0,-0.1161360964179039,-0.11833305656909943,-1.1520663499832153,1],[7,0.8598663210868835,-0.5082864165306091,0.04769175499677658,0,-0.14836333692073822,-0.15940912067890167,0.9760002493858337,0,-0.4884852468967438,-0.8463058471679688,-0.21248158812522888,0,-0.11659695208072662,1.1894625425338745,0.20938952267169952,1],[7,-0.08311135321855545,0.015096060000360012,-0.9964258670806885,0,-0.07281481474637985,-0.9973045587539673,-0.009035925380885601,0,-0.9938764572143555,0.07180358469486237,0.0839865505695343,0,0.594133734703064,-0.04198116436600685,-0.15426574647426605,1],[7,-0.9609405398368835,-0.08817983418703079,0.2623313069343567,0,-0.036187268793582916,0.9797785878181458,0.19678515195846558,0,-0.27437910437583923,0.17960576713085175,-0.9446998834609985,0,0.1497115194797516,-0.22007662057876587,1.1269171237945557,1],[7,-1.3113415775478643e-7,0.0000013709067161471467,-1,0,-6.123234262925839e-17,-1,-0.0000013709067161471467,0,-1,-1.7971148386693864e-13,1.3113417196564114e-7,0,0.09134369343519211,0.011708150617778301,-0.14722611010074615,1],[7,-0.08446148782968521,-0.001283331192098558,-0.9964258670806885,0,0.1216820552945137,-0.9925280213356018,-0.009036000818014145,0,-0.9889690279960632,-0.12201035022735596,0.0839865505695343,0,0.33118176460266113,0.022576406598091125,-0.15426574647426605,1],[7,-0.9555725455284119,0.2847658097743988,0.07609111070632935,0,-0.084498830139637,-0.01733788102865219,-0.996272623538971,0,-0.2823852002620697,-0.9584402441978455,0.040629975497722626,0,-0.2698695659637451,1.1491501331329346,-0.020345930010080338,1],[7,-0.9560644030570984,-0.13085609674453735,0.2623312771320343,0,-0.07975338399410248,0.9771974682807922,0.19678513705730438,0,-0.28210005164146423,0.1672174334526062,-0.9446998834609985,0,-0.11255444586277008,-0.22530868649482727,1.1269171237945557,1],[7,-0.8880987167358398,0.4392875134944916,0.1353045403957367,0,-0.15891441702842712,-0.0172252357006073,-0.987142026424408,0,-0.4313086271286011,-0.8981813192367554,0.08510681986808777,0,-0.19564136862754822,1.1969542503356934,-0.022954316809773445,1],[7,-0.9810605049133301,-0.08715488761663437,0.17298687994480133,0,-0.0918387919664383,0.995587944984436,-0.01924450509250164,0,-0.17054641246795654,-0.03476692736148834,-0.9847360849380493,0,0.13859407603740692,0.025610454380512238,1.1573190689086914,1]],8,8,8,8,8,8,8,8,8,8,8,8,8,8,8,8,8,8,8,8,8,8,8]]],0,0,[],[],[]],[[[15,"man01",[{"rasterizerState":{},"blendState":{"targets":[{}]},"depthStencilState":{}}],[{"DCC_APP_NAME":1}],[[[{"albedoScale":1,"specularFactor":0,"shininessExponent":1.9999998807907104,"emissiveScale":0},"mainColor",8,[4,4291480266],"specularColor",8,[4,4294177779],"emissive",8,[4,4278190080]]],11]]],0,0,[0],[5],[0]],[[[16,[[17,[18,[-16,-17,-18,-19,-20,-21,-22,-23],[[6,false,-5,-4,[[3,"run"]]],[6,false,-7,-6,[[3,"dance"]]],[6,false,-9,-8,[[3,"die"]]],[6,false,-11,-10,[[3,"relife"]]],[19,0.24679602907908915,false,1.1596119127627327,-13,-12,[[3,"run"]]],[20,-15,-14]],-3,-2,-1]]],[{},"run",4,[7,2],"dance",4,[7,2],"die",4,[7,2],"relife",4,[7,2]]],[4,"run",[5,1]],[10,"Entry"],[4,"idle",[5,0]],[4,"die",[5,3]],[4,"relife",[5,4]],[10,"Exit"],[10,"Any"],[4,"dance",[5,2]]],0,[0,6,7,0,7,6,0,8,2,0,1,1,0,2,3,0,1,8,0,2,1,0,1,4,0,2,1,0,1,5,0,2,4,0,1,1,0,2,5,0,1,3,0,2,2,0,-1,2,0,-2,6,0,-3,7,0,-4,3,0,-5,1,0,-6,8,0,-7,4,0,-8,5,23],[0,0,0,0,0],[3,3,3,3,3],[1,2,3,4,5]],[[[21,"skin_0"],[22,"skin_0",[-4,-5],[[27,-2,[12,"99235qSslK5pvcthG55KYw"],3],[28,-3,[12,"4fMACLBqROCKXG/XKtZ5eW"]]],[0,"fcg9Q4RapPdrIYWBEwUbwD",null,null,null,-1,0],[3,0,1,0,6.123233995736766e-17],[1,0,180,0]],[8,"Bip001 Spine",[-6,-7,-8],[0,"4bc2JsyVpKup/fbQva0CsR",null,null,null,1,0],[1,0.1288643628358841,-0.00009652642620494589,-0.0000015187523558779503],[3,0.008733645083303876,-0.00015628479016877164,0.07014568151476172,0.9974985124717997],[1,1.009540027327251,-0.08894124719265198,8.04424100431825]],[8,"Bip001 Neck",[-9,-10,-11],[0,"c6zMksL5lGnZMe6vPNMH4n",null,null,null,1,0],[1,0.2125788927078247,0.00962640717625618,2.7418137094059603e-8],[3,-1.9809123800764594e-9,-3.8657857406495094e-7,0.13917301995770895,0.9902680801256304],[1,0.000006179783018246691,-0.00004560250043383779,15.999990626591224]],[26,"Bip001",1,[[[23,"Bip001 Footsteps",-12,[0,"a6m5wby0ZF4Znvi2R8jtIy",null,null,null,1,0],[1,0,0,-0.556638240814209],[3,5.336032718956555e-34,-5.3360451167487485e-34,0.707105946721014,0.7071076156510963],[1,0,8.647400971870835e-32,90]],-13],4,1],[0,"552t/Rl09HYY6fYeHyjZg+",null,null,null,1,0],[1,0,0.5550117492675781,1.907348590179936e-8],[3,-0.5000005960460925,-0.499999403953197,-0.499999403953197,0.5000005960460925],[1,-90,-89.9998633962166,0]],[8,"Bip001 R Hand",[-14,-15],[0,"7dfFXeW9BFV7yrDXiskYkB",null,null,null,1,0],[1,0.15778487920761108,0,-1.4210854397564648e-16],[3,0.7713712640366001,1.1494327545711399e-8,9.48288137629758e-9,0.6363853966100871],[1,100.95437471278932,0,0.0000017075472925031882]],[8,"Bip001 L Hand",[-16,-17],[0,"ffhk8qLgNJZrIlCoTBybIv",null,null,null,1,0],[1,0.15778487920761108,1.907348590179936e-8,-1.4210854397564648e-16],[3,-0.7713712640366001,-9.48288137629758e-9,-1.1494327545711399e-8,0.6363853966100871],[1,-100.95437471278932,-0.0000017075472925031882,0]],[24,"Bip001 Pelvis",4,[2],[0,"46dISC8tBL07RKkdjiw0Fu",null,null,null,1,0],[3,-0.49999999254917427,-0.49999999254917427,-0.49999930709576956,0.5000007078049009],[1,-89.99991974527727,-89.99991974527727,-0.0000017074910602964197]],[1,"Bip001 Spine1",2,[-18],[0,"2b1DhgxWFG9ZW0MbZjQoBt",null,null,null,1,0],[1,0.12247779965400696,-0.00011731147969840094,-0.000002042800133494893],[3,0.00870332102190274,-0.0007680082170974791,-0.0000053486686439678715,0.9999618304405224],[1,0.9973389512187469,-0.08799859999334834,-0.0013788443109989206]],[1,"Bip001 Spine2",8,[3],[0,"b4yGSJBP1Hj4taTMAlUaTb",null,null,null,1,0],[1,0.147379070520401,-0.00011918068048544228,-0.0000020954757928848267],[3,0.00873570420415252,-0.00015921576356699944,0.06974851314841007,0.9975263440310658],[1,1.0097090649304816,-0.08888532317129136,7.9986157847977175]],[2,"Bip001 Head",3,[[9,"Bip001 HeadNub",-19,[0,"e5UzOAqVZM+JBrT7Lpb92l",null,null,null,1,0],[1,0.4537058174610138,1.5258788721439487e-7,-2.98023217215615e-10]]],[0,"bbHqXagBZP1JIS1tMUxkQk",null,null,null,1,0],[1,0.08586181700229645,-0.040811654180288315,-5.662441182607836e-8],[3,-0.0226811095870883,0.01301842926777244,0.06062459940297767,0.997817992278415],[1,-2.704501386310499,1.6584070093731664,6.914847013091058]],[1,"Bip001 R Clavicle",3,[-20],[0,"f4/0+zBPVN5YU7Ab3PahuA",null,null,null,1,0],[1,-0.05366584658622742,0.0066114808432757854,-0.062000080943107605],[3,-0.6405539442437692,0.0565383279088159,0.7539117849700475,0.1345774218593239],[1,-164.93705813739166,98.30217088466739,7.497753040015158]],[1,"Bip001 R UpperArm",11,[-21],[0,"45KG4GuixBgYE9sODihR2W",null,null,null,1,0],[1,0.1112758219242096,1.907348590179936e-8,-7.629394360719743e-8],[3,0.13574615410572116,-0.4198994726142832,0.015854899178534942,0.897221286370197],[1,14.942460713184252,-49.5152030188678,-4.907582077143958]],[1,"Bip001 R Forearm",12,[5],[0,"abAlo5WRhKBac959Q2Tt/Z",null,null,null,1,0],[1,0.27218112349510193,4.76837147544984e-9,0],[3,-7.564715683475846e-18,-5.0283307486904394e-17,-0.2802529070033213,0.959926199307107],[1,-2.902948676191989e-15,-6.850112444109801e-15,-32.55059912666803]],[2,"Bip001 R Finger0",5,[[11,"Bip001 R Finger0Nub",-22,[0,"barPpou4tBV6AM4d/84tko",null,null,null,1,0],[1,0.03638008236885071,0,1.776356799695581e-17],[3,-3.725290298461914e-9,-6.938893903907228e-18,1,-6.123234262925839e-17],[1,-1,-1,-1],[1,180,179.99999957311317,-7.016709601748878e-15]]],[0,"abjFri/WRFT6t9Lmz0aUNE",null,null,null,1,0],[1,0.049482058733701706,-0.007558899000287056,0.06300842016935349],[3,-0.29610421652564856,-0.38928892418309935,-0.09212143532204649,0.8673465671911678],[1,-35.93334851343225,-47.02782539721867,4.056362939348292]],[2,"Bip001 R Finger1",5,[[11,"Bip001 R Finger1Nub",-23,[0,"3d4SPVs8ZOnoHeEL5nzd7K",null,null,null,1,0],[1,0.04184596985578537,-3.814697180359872e-8,3.814697180359872e-8],[3,-2.7755575615628914e-17,-7.450580596923828e-9,1,-6.123234262925839e-17],[1,-1,-1,-1],[1,179.99999914622634,180,-7.016709581014022e-15]]],[0,"48CeS+z+NKErCqxcVrnGMf",null,null,null,1,0],[1,0.11812780052423477,0,0],[3,0.00039815162689992056,2.7755573415656425e-17,-1.1050927586906416e-20,0.9999999207376378],[1,0.04562481686070932,3.1805546814635164e-15,0]],[1,"Bip001 L Clavicle",3,[-24],[0,"e5WijUfR9E/bwBXDe8U952",null,null,null,1,0],[1,-0.05366584658622742,0.006611137185245752,0.06200011819601059],[3,0.6689780471952423,-0.09429133103932484,0.7300611862567243,0.10289889009652627],[1,164.01229982817202,-94.80614349288788,1.380234723180589]],[1,"Bip001 L UpperArm",16,[-25],[0,"cbOrX+zR1MpJ5fC9A5Gioc",null,null,null,1,0],[1,0.11127588152885437,0,-7.629394360719743e-8],[3,-0.08352427966076116,0.4608852585394019,-0.058641627686731736,0.8815722503972494],[1,-5.4378380983242,54.70619060943361,-10.392120627878963]],[1,"Bip001 L Forearm",17,[6],[0,"d1W1mFoSNBMIIohFKTsKQ2",null,null,null,1,0],[1,0.27218112349510193,-9.53674295089968e-9,0],[3,-2.0048328766289395e-17,2.80360774413108e-18,-0.2802529070033213,0.959926199307107],[1,-2.509463095912482e-15,-3.9796241171973834e-16,-32.55059912666803]],[2,"Bip001 L Finger0",6,[[9,"Bip001 L Finger0Nub",-26,[0,"04C3+QWRRN3Z9PlYkyKFJj",null,null,null,1,0],[1,0.036380089819431305,0,-3.814697180359872e-8]]],[0,"35ZrRXlz1OnJqg9iOYt3Bq",null,null,null,1,0],[1,0.04948211833834648,-0.007558937184512615,-0.06300845742225647],[3,0.29610421792862857,0.38928889622527857,-0.09212151026433456,0.8673465713007678],[1,35.93335220083388,47.027824702369614,4.05635454031512]],[2,"Bip001 L Finger1",6,[[9,"Bip001 L Finger1Nub",-27,[0,"36591bzKtJWYC1Zng/rWP5",null,null,null,1,0],[1,0.04184602573513985,7.629394360719743e-8,-3.814697180359872e-8]]],[0,"52xqeJsANFUI7JTdLb/jtf",null,null,null,1,0],[1,0.11812782287597656,3.814697180359872e-8,3.814697180359872e-8],[3,-0.00039815907747918977,-1.4895223428261653e-8,-1.490708860353715e-8,0.999999920734671],[1,-0.045625670634296546,-0.0000017075468852889626,-0.0000017075467836771511]],[1,"Bip001 L Thigh",2,[-28],[0,"2fh3lNMX9C+p/kRdfHczND",null,null,null,1,0],[1,-0.1274234801530838,0.019934048876166344,0.10356779396533966],[3,0.2681097676939098,0.9622102942283535,-0.01923528493192046,-0.04357184827031071],[1,0.914296916126993,-175.0695372904239,31.173557136157232]],[1,"Bip001 L Calf",21,[-29],[0,"59RlVCRINLJ7oxOwEroVP2",null,null,null,1,0],[1,0.2648487389087677,-1.907348590179936e-8,9.53674295089968e-9],[3,6.130075118739121e-18,-1.1475772903670712e-17,-0.4229356696314883,0.9061597096281453],[1,1.2512960687120964e-16,-1.3928062797086452e-15,-50.04013563249858]],[1,"Bip001 L Foot",22,[-30],[0,"99qfw00/1Co7knaBtwZDnl",null,null,null,1,0],[1,0.2547052800655365,1.4305114426349519e-8,-1.776356799695581e-17],[3,0.006236056622193576,-0.045983853390732105,0.23312341512647636,0.9713393177180223],[1,2.1561485222884325,-5.936348218404585,26.89201128636287]],[2,"Bip001 L Toe0",23,[[11,"Bip001 L Toe0Nub",-31,[0,"f4uvOrpx5HL4uWwgVdZaLK",null,null,null,1,0],[1,0.01126362755894661,0,-1.776356799695581e-17],[3,-1.0802444957427534e-13,3.5527141023169746e-15,1,7.166659369358015e-15],[1,-1,-1,-1],[1,-179.9999999999996,179.99999999998764,8.21238670144161e-13]]],[0,"d0apCacAhAWJ1/iFsANIOj",null,null,null,1,0],[1,0.0863545835018158,0.11113446950912476,-9.53674295089968e-9],[3,1.1098561904046416e-7,7.010414271384816e-7,0.7071071388141537,0.7071064235584041],[1,0,0.00001798599855921152,90]],[1,"Bip001 R Thigh",2,[-32],[0,"17bwjzZtpO3acL2rBC5z4l",null,null,null,1,0],[1,-0.1277420073747635,0.016324568539857864,-0.10380354523658752],[3,0.2673404186110095,0.9624650367995959,0.002074918685901985,0.04675305581124697],[1,1.4038783767771947,174.04878744327527,30.98446386077278]],[1,"Bip001 R Calf",25,[-33],[0,"11YiSpcM1FSLac1k4UezlJ",null,null,null,1,0],[1,0.2648487091064453,3.552713599391162e-17,-1.776356799695581e-17],[3,2.6982096593391134e-18,-6.5238508027016094e-18,-0.4229342437251108,0.9061603751459608],[1,-5.605086433105238e-17,-8.511562471791264e-16,-50.039955314643905]],[1,"Bip001 R Foot",26,[-34],[0,"b5t3wdKa1PZapnK1SN/L5R",null,null,null,1,0],[1,0.2547052800655365,4.76837147544984e-9,0],[3,-0.006235228501621295,0.045982626189771336,0.23312150375040305,0.9713398398621231],[1,-2.155993286525135,5.93615941267169,26.891794255853505]],[2,"Bip001 R Toe0",27,[[9,"Bip001 R Toe0Nub",-35,[0,"8eCpc7nE1H4LKfuXhPJG88",null,null,null,1,0],[1,0.01126362755894661,3.63797872577655e-14,0]]],[0,"4eHeK4H9ZMgZQqV4q3Bpp9",null,null,null,1,0],[1,0.0863545835018158,0.11113446205854416,-9.53674295089968e-9],[3,1.1098561904046416e-7,7.010414271384816e-7,0.7071071388141537,0.7071064235584041],[1,0,0.00001798599855921152,90]],[25,"man01",1,[[29,-36,[12,"42NuA46ihAKr4cZoU9myxb"],[0],[30],1,1,2]],[0,"47eN2irzhBhYnvVhK7PJMT",null,null,null,1,0],[3,-0.7071067811865449,-6.181724038536757e-8,6.181724038536757e-8,0.7071067811865449],[1,-90.00000000000003,0,0.00001001791262497545]]],0,[0,9,1,0,4,1,0,4,1,0,-1,4,0,-2,29,0,-1,8,0,-2,21,0,-3,25,0,-1,10,0,-2,11,0,-3,16,0,0,4,0,-2,7,0,-1,14,0,-2,15,0,-1,19,0,-2,20,0,-1,9,0,0,10,0,-1,12,0,-1,13,0,0,14,0,0,15,0,-1,17,0,-1,18,0,0,19,0,0,20,0,-1,22,0,-1,23,0,-1,24,0,0,24,0,-1,26,0,-1,27,0,-1,28,0,0,28,0,4,29,0,10,1,2,0,7,3,0,9,5,0,13,6,0,18,36],[0,0,0,0],[-1,11,12,13],[6,7,8,9]]]]
